Slopes: 
 	 m = 5.50489 +- 0.416889
 	 M = 5.29762 +- 0.126784 
Intercept: 
 	 m = 6.70691 +- 0.31807
 	 M = 1.23087 +- 0.107938 
M-m = 5.47604 +- 0.335886 
D = 124.511 +- 19.2596 pc 
D = 406.101 +- 62.8163 ly 
