Slopes: 
 	 m = 5.29762 +- 0.299667
 	 M = 5.29762 +- 0.126784 
Intercept: 
 	 m = 6.70691 +- 0.228635
 	 M = 1.23087 +- 0.107938 
M-m = 5.47604 +- 0.252833 
D = 124.511 +- 14.4973 pc 
D = 406.101 +- 47.284 ly 
